$ANSIBLE_VAULT;1.1;AES256
63396365366537623763323530373762313538396461306635613036363263353234373438383261
6165336363393933386238376532653630373434303361390a313166656162623636326338626661
61376432386331316235353865626230316637343430346266303237393635613462363562623633
3938356563306263340a393836316630323934333263623732303430303562336334333664323563
34323762623366313030376362313362623039346266356139373937386364663930336437396266
35303233363963643931653733613130343964346136316566386165373830356635636634393536
39616666336565353864643865613935343631633931393930366563333838303330633463366533
36346362323433616566396665336437333232333732363630363633353732373530316137343232
61613339353132616364396638313339363933653730353263393662356331376431356132393034
63393836663164306163363330626561663364373638383934646435633833643330343238393932
39303362623664623064643764343165666362356661633438336561346533313436383133333964
65356631316262666233323434633861663066366437643263346532386566343530633734316138
33303236643936363365353836373162326630656131613461343634633631646532376239313766
38353330373438363934356161366165666535306234363566373038306533643039326236323665
37646463656465366235316536366630353837396533383736366534393763663137343830356162
35366233613131626365653163663533616164336533303833383534633337656435653532306637
36366664386639303863323038316466356564393861666461346436366662663230623737633861
64626264366161653733373066373537636562376437663465363331633765306266626535373239
62393235643532633564366563653239386539306537613935313330663336636438366530303366
66393132346538323832303034386562653138326630316338363965303762363633666635393065
63666237356435623031613266316461323938323564353735393966346232306331653434623534
35323830306262336433303062343063656539383038653435396534353363626163326539316662
32346366343866376364653030376630643339376437343135636564356435383036333539323635
61383833666538326263366665653064636465616166346262303832373661356364393032383332
65373965623766623133646337336664383139366563373863323433323462376165343039623031
35366162346431363937613330333236323837653039623736346235616133366466303161336161
34646163306634356536653035343863623166653733316564613364333262626638343437356162
32323431386435356661636565636261663562343661396437663564653664616665373665636632
36633565646332333664373662313639303765353765303262663334633530313761343965343730
62326538666265663664613737633131653836383564316162386663623632376332363839363464
66323163613236396636396130633432303365623737336538663638326530643336393238363165
62633064396464636336363266323534356433626336386163333139373864366637306136363733
38613463386133373761313138663531343234316166383031643038643865353135346464363565
6336326331336264653736663062383261373366396336363235
